   663181.73419932893     
   85706.241382081833     
   62123.692470166978     
   34664.638984802237     
   31861.711502662718     
   21870.626005757524     
   19628.557567170035     
   18434.073256164516     
   13694.468014359958     
   12815.397406697795     
   12726.035484946149     
   11591.216290967759     
   10060.975234655089     
   9368.4000050778304     
   9230.5679342445910     
   8629.2262486825075     
   8199.9144776462672     
   8017.9776650973827     
   7655.3875404146147     
   7529.2023524869301     
   7345.1690573089018     
   7145.6640882056872     
   7109.0070494918064     
   6990.0207334404831     
   6848.5560375277464     
   6698.3782827070982     
   6587.6117437287276     
   6381.8368828029388     
   6366.5937199870014     
   6301.2111538439431     
   6211.3502297556497     
   6154.0269290890483     
   6101.6322075348689     
   5996.4254342127560     
   5968.7475974907420     
   5806.9243110846237     
   5772.0109324380492     
   5696.7815615588279     
   5578.2281932578690     
   5514.5205030923053     
   5487.7319187947960     
   5444.6251027487679     
   5424.1398315023653     
   5334.0489636212733     
   5288.8037634793145     
   5212.8316231181143     
   5170.9706170986574     
   5162.2826263730076     
   5094.8601947605712     
   5055.3841841035783     
   4977.9034210032496     
   4962.5714777411185     
   4909.6060935231872     
   4888.3972584654275     
   4793.1795185936890     
   4769.6004009027311     
   4745.9469386561395     
   4694.3360824555893     
   4678.8872446558717     
   4626.9603237245747     
   4613.6537337615209     
   4505.6753987022703     
   4483.2775267328780     
   4452.3496904348822     
   4430.9442695319904     
   4355.9043108139922     
   4340.0931569608720     
   4326.4929258587417     
   4290.6803791600851     
   4233.6116855860382     
   4217.9833213729598     
   4181.1834669683867     
   4172.1360656069091     
   4145.9093344395997     
   4114.3201081915149     
   4076.4717547580658     
   4042.2760586753875     
   4027.7858693510825     
   4018.3377420412685     
   3981.0351962848226     
   3948.4902858189471     
   3942.8904031273205     
   3902.9251738340245     
   3874.3897903506995     
   3860.9227734210863     
   3839.3856073665256     
   3816.4984595820501     
   3806.9261675931812     
   3796.1157812280521     
   3772.1409112659826     
   3733.9020767622010     
   3694.6582688819544     
   3671.6405589327173     
   3666.2786445569359     
   3638.3422040565874     
   3626.3752143006432     
   3594.0376216751260     
   3585.4418268911477     
   3563.2903585063300     
   3540.9498991838577     
   3516.5230441952635     
   3508.7892070722532     
   3500.6676997761297     
   3482.2461095238455     
   3465.4711289108614     
   3443.0292835088339     
   3420.0551895987887     
   3398.5942372679810     
   3366.8520303254950     
   3361.1381119330208     
   3339.6920009535397     
   3328.8293568710769     
   3313.7959342079239     
   3292.5320401495042     
   3289.7489647332382     
   3251.6710062873281     
   3250.9458759353902     
   3219.6923303664194     
   3195.2168962122801     
   3181.3392621340031     
   3177.5242123898352     
   3160.9437693636869     
   3157.0875114725532     
   3145.3367367460983     
   3114.9810832123621     
   3113.0830976492057     
   3099.0071520826073     
   3082.6087882002475     
   3070.7622686805821     
   3057.1338560331997     
   3045.4115421600677     
   3029.0615036461199     
   3021.1680324321010     
   2997.6306587167219     
   2987.5557892853021     
   2970.1045350521963     
   2955.1997827586665     
   2954.4002585261983     
   2927.7083331386330     
   2923.2685188355285     
   2901.7866585947495     
   2886.0390124178343     
   2875.6464313779816     
   2857.7699602046478     
   2845.0559968836301     
   2833.4049889655225     
   2819.4982699070215     
   2805.4481506920474     
   2799.9810394514434     
   2783.8075134263995     
   2777.7892402437346     
   2770.9503358294019     
   2754.0459431672052     
   2749.6115219132212     
   2734.4539901489584     
   2727.5788741659344     
   2721.1239263562229     
   2709.3650368049161     
   2691.2920589640921     
   2679.3622596661262     
   2668.2045277704310     
   2661.4260006360510     
   2637.4938343573099     
   2635.9501836371892     
   2624.5245451711603     
   2611.0718075774121     
   2595.7550519217484     
   2587.9329304641569     
   2582.6835300333132     
   2575.2884233474060     
   2559.6052137319148     
   2544.8166192032450     
   2533.9187732408914     
   2521.8283449659075     
   2501.0566756847311     
   2486.5318631099794     
   2482.9894852055404     
   2475.4588021033564     
   2470.1185358603193     
   2459.4246509227537     
   2447.5019528976550     
   2442.5668147072174     
   2426.6312662588562     
   2408.9269676163340     
   2404.0295704318933     
   2401.7073550233717     
   2393.9052813310182     
   2390.6977384097527     
   2374.0423639576834     
   2368.3257546165728     
   2357.1873626890697     
   2340.6227121946554     
   2334.7141559349948     
   2326.4361736655705     
   2321.6338096519112     
   2315.1196579729535     
   2311.6448128944935     
   2308.0006845397688     
   2302.5334529902830     
   2282.8137110093530     
   2268.6642992094035     
   2262.6354968780179     
   2249.3474236162529     
   2242.8088126056523     
   2232.8301383241433     
   2223.2712449971023     
   2214.4512417590836     
   2204.7785768658109     
   2201.0227519509995     
   2193.2135602007838     
   2183.5795494958202     
   2177.5193594137436     
   2164.0862505305727     
   2161.8801487981882     
   2155.3646599559711     
   2141.2671122285201     
   2140.8407693939030     
   2130.5681568593777     
   2127.3947212421035     
   2120.9056396734163     
   2102.8398378334336     
   2098.0104298011001     
   2090.3341055602241     
   2077.6273333229783     
   2063.1819509129841     
   2052.5719518586379     
   2047.5743921540904     
   2039.5886836042112     
   2034.3492572477057     
   2025.4027856395055     
   2021.1962758426930     
   2012.6036711600207     
   1999.8519802043031     
   1997.2362787696309     
   1984.8012909844183     
   1980.5926165972960     
   1968.6526483826019     
   1966.8810526570494     
   1961.4832600745920     
   1956.9940856165890     
   1951.2553938232090     
   1949.5966436176857     
   1944.5201373271289     
   1932.4845041557030     
   1927.8414635966747     
   1924.0697646634940     
   1920.8084537359180     
   1912.3294981491906     
   1904.3208054652464     
   1901.2155163189202     
   1888.6371010843004     
   1882.3565298123599     
   1870.3105927547135     
   1867.1286952234891     
   1859.0195355232800     
   1855.1311391411982     
   1851.8091553150407     
   1842.6347645514222     
   1838.2772690930865     
   1835.4382384426256     
   1825.3126639586312     
   1822.6519159653990     
   1819.6197895484668     
   1808.2169835534237     
   1801.0343139611020     
   1798.7356295867394     
   1790.9209327904825     
   1789.2575296120897     
   1782.8126918653936     
   1779.9943144068679     
   1767.6706741241708     
   1760.9165510568328     
   1759.0328697507509     
   1753.4328493745270     
   1747.3165746797185     
   1736.8399984930475     
   1734.9127340547479     
   1734.2234880462611     
   1723.4695647859533     
   1719.5095923785100     
   1710.6952799403132     
   1705.3360457812942     
   1702.9701615634256     
   1698.7947970830248     
   1688.2901909965115     
   1684.4405306253566     
   1682.6295205020785     
   1677.0938228211519     
   1669.4872893684797     
   1660.8412893539676     
   1654.4046679485250     
   1653.4896457544123     
   1649.2244762043090     
   1643.8875498996690     
   1635.6574334484380     
   1631.7020564380077     
   1627.6254139444270     
   1620.4753894536004     
   1614.5483766732634     
   1610.5449954533769     
   1604.9382104581048     
   1604.3258357090751     
   1597.9493457984422     
   1589.5398055803919     
   1587.3481348277942     
   1580.0430522078268     
   1576.3587736219772     
   1571.6116517615590     
   1567.6052665183763     
   1565.7983839637197     
   1565.5923248701708     
   1554.9779221417832     
   1546.4507866286413     
   1544.8550270059784     
   1542.6025637929231     
   1536.5594689004640     
   1530.9131206376189     
   1527.0050000886486     
   1523.1402439934777     
   1518.3908686253235     
   1515.8552233569781     
   1509.9902305930493     
   1503.1996864608755     
   1499.8803226136333     
   1495.9929176045093     
   1493.8095850033751     
   1492.3023131516936     
   1485.8979663506807     
   1481.3637788054677     
   1472.9975656916035     
   1468.1133681250928     
   1462.5256577710925     
   1461.0166016627468     
   1456.2370934133990     
   1454.3459952507221     
   1452.2330864383657     
   1445.8767014027651     
   1440.7783050944704     
   1437.2307460621578     
   1433.2992797257043     
   1431.0589808265913     
   1428.0384280992250     
   1421.3142111367731     
   1416.9271368656346     
   1412.4809517466501     
   1409.8414385434723     
   1405.9897926994784     
   1402.0352862317022     
   1397.7361820133508     
   1394.0321116963214     
   1391.5964011802653     
   1388.2004747852056     
   1384.1564941190577     
   1379.5830457629838     
   1374.9088680073774     
   1371.8622177412813     
   1369.1931062356794     
   1366.1702037533760     
   1363.0324641599220     
   1360.1450990113988     
   1355.8670749128814     
   1350.4657741833305     
   1347.6876793735169     
   1345.5513103175988     
   1339.8321422298520     
   1331.4516230817860     
   1329.2712906041224     
   1323.6577891101497     
   1320.0680038360838     
   1316.0179280437019     
   1313.6700393954229     
   1309.1832184229331     
   1305.8070518251452     
   1300.4980399168116     
   1299.4336663999770     
   1298.0056763917410     
   1293.6153852177854     
   1288.9580960681567     
   1285.5104213737611     
   1283.4375179891974     
   1279.4648089531204     
   1271.7105150404832     
   1269.4760683360505     
   1268.6360264796851     
   1266.6430115555509     
   1262.8437416214199     
   1260.9658051753338     
   1258.5593665280931     
   1254.0352570038729     
   1252.3483038485119     
   1249.4808904485196     
   1248.5850227133249     
   1244.9093837229520     
   1238.9711622045438     
   1237.0683038129848     
   1233.1487769747957     
   1231.6083386316500     
   1227.2666796568271     
   1222.8458073074025     
   1220.9755683713217     
   1219.2256750490640     
   1215.4632894604154     
   1213.1383443227080     
   1210.1688845866774     
   1206.5817273916168     
   1203.8594062431384     
   1201.8481187873654     
   1196.7234751088463     
   1194.4394554156158     
   1191.8783506919233     
   1186.1789476838312     
   1183.7583852127484     
   1181.2716357224122     
   1180.3378036706126     
   1176.7501812858638     
   1174.1442934739182     
   1171.2673991769384     
   1167.8365525472900     
   1164.0280586395950     
   1162.6528536948019     
   1159.6157411740246     
   1158.4549230445291     
   1154.6819268528993     
   1152.0555336909163     
   1150.7163959926843     
   1145.8793663584217     
   1141.5253008371890     
   1137.9398566900304     
   1136.5638359469638     
   1135.6184773689063     
   1133.1887311621442     
   1129.8624740535188     
   1125.0002321857421     
   1122.2150758810233     
   1119.6042680839603     
   1116.4372491770275     
   1113.9484249677732     
   1111.8980904534458     
   1111.4648266798390     
   1109.3466277626958     
   1105.7604860731108     
   1103.4492063934727     
   1100.9979744341972     
   1099.3485459634489     
   1097.6022051057062     
   1095.5661752746059     
   1093.9104003099485     
   1089.7596863961426     
   1089.3294788322989     
   1086.8371660416594     
   1085.9797735011550     
   1083.7796040122378     
   1078.8458456809994     
   1076.8720001042902     
   1075.5788182103481     
   1072.5930776217647     
   1070.5557467440360     
   1069.2351944600064     
   1068.4597244116892     
   1066.4097676568874     
   1061.6340508882779     
   1060.1306260978863     
   1059.3100878264165     
   1055.7823413003391     
   1053.4352950325881     
   1052.6938536417533     
   1051.2199410516112     
   1050.2619352893682     
   1046.7857170880554     
   1043.5036930240201     
   1041.3092108950175     
   1039.4710194685015     
   1038.0116831184257     
   1033.8713126760770     
   1032.6818851981759     
   1029.8814662348154     
   1028.8064242875278     
   1026.6592438217995     
   1022.1011795536576     
   1019.6427692234752     
   1018.8759711473882     
   1018.0121949599901     
   1015.3125419849753     
   1014.6613906045125     
   1012.0058400104182     
   1010.4022194186252     
   1008.3739684205516     
   1008.1241973886160     
   1004.5147195943524     
   1002.8259164187001     
   1001.4577845670129     
   999.86448671066967     
   996.51292381637290     
   996.04926405656113     
   994.63716852057337     
   991.78286436946610     
   989.66611392553318     
   989.44942530562150     
   987.95850482929188     
   985.64195559814277     
   982.83201496825916     
   980.75503762228561     
   978.27910426649748     
   977.58232769163465     
   976.24764246308678     
   974.80852620093412     
   973.85213561014552     
   972.15242543856402     
   970.80275451468867     
   968.78744340960270     
   966.95149938103714     
   966.03224828230850     
   965.79905061627164     
   963.68561680962853     
   961.01068522665059     
   959.74965933525141     
   958.63969681843059     
   957.70420980551819     
   954.71692470788275     
   953.81217259204516     
   952.67062572794077     
   951.33372573126576     
   948.44485554982975     
   947.33182123426627     
   946.91285189267148     
   945.93129459145246     
   943.05913746675299     
   941.81554029088375     
   939.10207530101843     
   938.81394010198926     
   937.12889840298124     
   935.01792914755163     
   933.57316956059719     
   931.61922988601714     
   929.39920584505739     
   927.66223203639231     
   926.24268995242016     
   926.08416761289527     
   923.15475694307418     
   921.53910981514809     
   921.28761853549224     
   920.72630188361711     
   919.56048768260439     
   917.33196126241933     
   915.84441876724350     
   914.46906377691391     
   914.14809467040311     
   913.15953459124228     
   911.16679328295470     
   910.62649658999771     
   909.73489869637183     
   907.93184242301470     
   907.03688709114533     
   905.48618093151697     
   904.80520813349221     
   903.66732204403843     
   901.97945818072355     
   900.94199615580465     
   898.82534081826532     
   897.79480657130966     
   896.84297760660320     
   894.84718814796088     
   894.48405117530115     
   892.66242989668251     
   892.09103884843967     
   890.10417167452374     
   889.04527685506207     
   888.57495722172177     
   887.34892920753111     
   885.69240861121830     
   885.36799752419711     
   884.17599267183516     
   883.36362406694843     
   882.94293155233595     
   880.48708206301444     
   879.66922915593943     
   878.79414779053604     
   878.22494169970139     
   877.05073609521287     
   875.94639108345029     
   874.72943366479853     
   874.30242191451566     
   873.84459520669373     
   873.03890676924402     
   871.10613933493266     
   870.31799431669913     
   869.62167246264744     
   868.74790713517893     
   867.58731441443342     
   866.91531814978043     
   866.09990745697507     
   864.49731318748820     
   863.34768596962283     
   862.34084366958439     
   860.94117853226453     
   859.74707691598712     
   859.15253590812563     
   857.26611522574160     
   856.49714568425736     
   855.44337231016550     
   854.85025770538675     
   853.27229529337137     
   852.76290156252503     
   851.78760293969799     
   849.99724661221956     
   849.18935635899675     
   848.96719074016016     
   847.61913194991428     
   847.36023762629884     
   845.82219369460347     
   845.46349256018925     
   844.92107715626298     
   843.90252879086995     
   843.00383918277214     
   842.52232465240047     
   841.46930400721533     
   840.38719486706225     
   839.58412706437196     
   838.96159285667056     
   838.29435218925198     
   837.55649456824403     
   837.19255750120942     
   836.07730766353575     
   834.88804133133590     
   834.09317392545643     
   833.04596030969969     
   832.38538972700849     
   831.56688084697248     
   830.68628525822726     
   830.20660194626464     
   828.97658587654746     
   827.99408472686571     
   827.49016478051124     
   825.86904707385918     
   825.74032960424745     
   824.75853168593801     
   824.25530446392759     
   823.22745332557338     
   822.77174076384495     
   822.37738125377177     
   821.82764326373967     
   821.38508660617185     
   820.26990260323419     
   819.29646406210929     
   818.34252990116806     
   817.42985304342631     
   817.33674268865911     
   815.74958738127361     
   815.31325029415575     
   814.62562033877236     
   813.85129080203592     
   812.85755434588191     
   812.62223610297758     
   811.83703729624585     
   810.86970934604301     
   809.89828166803193     
   809.68974170013576     
   809.35343257425995     
   808.04722768742852     
   807.25072137796133     
   806.99015907207706     
   805.99058038269789     
   805.46490873901678     
   805.19094405958265     
   804.75895093865904     
   803.63132729526092     
   802.98734132040704     
   802.25609293285993     
   800.71056664687785     
   800.05843505230678     
   799.43246169230861     
   798.56629791255955     
   797.45564233072173     
   797.07236755894326     
   796.20642441202006     
   795.52544363414779     
   794.36941831432603     
   793.99292109124656     
   793.39965897908212     
   792.93072419434816     
   792.28854365812481     
   791.71407372160252     
   790.87960247986041     
   790.50634881422002     
   790.10220922484223     
   789.14434242747177     
   788.45904174280611     
   787.79023366916329     
   787.47848057392730     
   785.55852996660383     
   785.23707683173427     
   785.11032204196874     
   784.18898918893603     
   783.12838023474762     
   782.33904159801693     
   781.99308257606856     
   781.48540460345305     
   781.21612591395206     
   780.02195541299204     
   779.60711286016101     
   779.21799799248868     
   778.17215883686094     
   777.58055073179196     
   776.40318271416345     
   775.50934763631017     
   774.41960684714957     
   774.35165312719789     
   773.65916252450870     
   773.40821890246593     
   772.47285504405727     
   772.17654843604828     
   771.47165777772500     
   770.60264923443458     
   770.31366173997674     
   769.60324578518498     
   769.22762631688533     
   768.35761073487845     
   767.99242238648981     
   766.98192126734568     
   766.42020131911499     
   765.97586778114726     
   765.83567052851413     
   764.74489466338787     
   764.10850892033318     
   763.53011499357933     
   762.46330589096374     
   761.79540371691803     
   761.54842228373775     
   760.82018867570798     
   760.30751902136547     
   760.21671091259611     
   758.83357607617165     
   758.42557573086810     
   757.56236415999024     
   757.13068339481731     
   756.80126715690244     
   756.18499944473365     
   755.69041679113570     
   754.91634927182497     
   753.97293995967254     
   752.99332185822402     
   752.61789631707222     
   752.14709360156508     
   751.89221899470829     
   751.31932074275971     
   750.89234032169691     
   750.39055085375003     
   749.76963635074594     
   749.22308742602229     
   747.97171094668067     
   747.88173266420199     
   747.12384553770426     
   746.16835253745649     
   746.02729524941049     
   745.65869807111187     
   744.99504758523005     
   744.39674325491217     
   744.24897132993215     
   743.07293268238789     
   742.61261941418877     
   741.38766090696492     
   741.27014273774262     
   740.48566178117494     
   740.23132303609179     
   739.64563620246372     
   738.95308691999708     
   738.25462550324221     
   737.92340287733623     
   736.69560395963458     
   736.09179826046761     
   735.84398840154915     
   734.64487054162464     
   734.54939867739279     
   733.66731374071469     
   733.51965190044484     
   733.16895072786542     
   732.71544343810797     
   731.77131580312664     
   731.18410251264265     
   730.77389861804613     
   730.36660156282323     
   729.28973362197314     
   728.60001518366994     
   728.37356078483504     
   727.98343544204590     
   727.56944394392156     
   727.48460083519046     
   726.98629743140782     
   726.13846441215185     
   725.20615458413579     
   724.29844680782526     
   724.08111114165911     
   723.69519336518761     
   723.58051136995425     
   723.25906792404010     
   722.74144817007152     
   721.40603259891679     
   720.85266085518856     
   720.68629255164785     
   720.03161163905429     
   719.91696183316230     
   719.40451365511490     
   718.62170999943419     
   718.28336838066093     
   717.45241500056511     
   716.38129896787541     
   716.11067222122836     
   715.70439409538778     
   715.15942564351724     
   714.52418171122122     
   714.43223640632527     
   713.83665193026411     
   713.24716245741195     
   712.45160413529845     
   712.20962158969951     
   711.85492099759722     
   710.97775221154507     
   710.82375100188210     
   710.00552325289743     
   709.49123610599429     
   708.73137270202028     
   708.00340887650441     
   707.87586847153648     
   707.44142599255952     
   707.10567937689109     
   706.49484038060064     
   706.12095526791541     
   705.41180119099738     
   704.62697217490347     
   704.03799126509807     
   703.59945818117421     
   702.83469865956124     
   702.79838603893188     
   701.92792754780407     
   701.22745631377575     
   701.02589338343387     
   700.46766400962599     
   700.11301672247725     
   699.94480278282697     
   699.35862558144356     
   698.92010635472548     
   698.23334201054729     
   697.96878413384968     
   697.46743867993678     
   696.82662260888389     
   696.44538665503080     
   695.77590191020079     
   695.18458235888977     
   694.25622107149684     
   693.76556300124253     
   693.18802499441279     
   693.08544859328094     
   692.67678756999703     
   692.18946526613615     
   691.82478871303908     
   690.74812607720617     
   690.15859252365999     
   689.68579037876248     
   689.24133631429959     
   688.71850920530539     
   688.21884879960839     
   687.76519629922598     
   687.10623713774373     
   686.63996413135612     
   685.81258538247130     
   685.57138838316882     
   684.99649679307697     
   684.70843340102942     
   684.35068164758047     
   683.40642782656016     
   682.79557399452483     
   682.44917158014562     
   682.36065151019807     
   681.98693737810402     
   681.41798572529297     
   681.02510079571141     
   680.20482953971157     
   680.04889176740198     
   679.54476886386396     
   679.14085745254147     
   678.33029864256116     
   678.10405079709210     
   677.23799901644111     
   677.00304468268632     
   676.34329153856959     
   675.91441091882029     
   675.66017606666173     
   674.91002971020885     
   674.67717252802572     
   674.26632816287440     
   673.41204918889048     
   672.91012499546832     
   672.89096130273958     
   672.27166077836728     
   671.45792444819858     
   671.25775969889810     
   670.49401264786786     
   670.07212064285318     
   669.65126957646805     
   668.96723361942554     
   668.28795587807588     
   668.16333979315198     
   667.83872375505405     
   667.33616714533503     
   666.87855473586455     
   666.37062035671397     
   665.87205855518073     
   665.65344411175499     
   664.86871475068074     
   664.52027850942227     
   663.98381988765902     
   663.44234328564528     
   662.93707483134062     
   662.80450181511549     
   662.33321427424460     
   661.51526304637707     
   660.88308685072855     
   660.47492785095551     
   660.08298114118600     
   659.75303257289704     
   659.22805928312278     
   658.31787029444536     
   657.91578742951708     
   657.62872885150409     
   657.09179842966080     
   656.70265385111486     
   656.56826738520010     
   656.29357171304946     
   655.74533646144187     
   655.19556154282100     
   654.93474375859216     
   654.87422260234086     
   654.48084023030253     
   654.06397393246584     
   653.57429239363455     
   653.09216875307527     
   652.75086501426040     
   652.09535574150902     
   651.94404807099386     
   651.40883321035062     
   650.62444140633954     
   650.50860853830386     
   649.84499419527936     
   649.15341554806605     
   648.91512075891569     
   648.72902614590237     
   647.72740077370577     
   647.37319462739595     
   646.90710339840405     
   646.50105448480667     
   646.15707656538723     
   645.64612241789223     
   645.10463465909675     
   644.65128616394782     
   644.42725386144207     
   644.23876301049643     
   643.38692944129377     
   643.28760820024593     
   642.33787782362083     
   641.87398311259233     
   641.40176968348749     
   641.06893899432418     
   640.59508468370234     
   639.94408004187710     
   639.40455060857960     
   639.14102500563808     
   638.71176506272479     
   638.41667868849515     
   638.10129353354557     
   637.25181281593166     
   637.02699606897500     
   636.89706960507192     
   636.56421630954299     
   636.21087174639251     
   635.41202246433829     
   635.23959337389306     
   634.93967377460058     
   634.35280810321137     
   633.81231510611678     
   633.36434752656976     
   632.82144050496242     
   632.76431920164498     
   631.87670333048015     
   631.61646011138646     
   631.16803658714014     
   630.61107500061371     
   630.49555963581599     
   630.11297317635547     
   629.87513800227282     
   629.26234061515504     
   628.79566705381387     
   628.06790267139672     
   627.77236954934938     
   627.17058399861742     
   626.91606029771981     
   626.51603550186758     
   625.88816558501958     
   625.29515675292112     
   625.21837361772987     
   624.56645164138399     
   624.09217280567964     
   623.58290743075236     
   623.30797925904085     
   622.67803321842086     
   622.51698737081927     
   622.19247403811426     
   621.90247816321005     
   621.71609394546965     
   621.08512307139677     
   621.02391843574298     
   620.37947212996039     
   620.02796793289735     
   619.83561618026238     
   619.14641330846143     
   618.59996580864333     
   618.38213079135562     
   617.63678013501965     
   617.47515182050449     
   616.81736575194657     
   616.43201757725012     
   615.82010520220967     
   615.38532240141683     
   614.80728419633908     
   614.15156991037907     
   613.97406147712150     
   613.71208387710794     
   613.16446690508008     
   612.78957653425823     
   612.16015225576461     
   611.91726839170644     
   611.51943447487133     
   611.26996470891663     
   610.93900511846721     
   610.69724785124538     
   609.81063955898401     
   609.32437221716657     
   608.63533119963665     
   608.57767227620729     
   608.06466582076030     
   607.94056859913712     
   607.30747867271145     
   606.60986729975991     
   606.48370880318726     
   605.84357557820124     
   605.14557573236868     
   604.50774261686206     
   604.40028441384140     
   604.08830431207753     
   603.45806051023021     
   603.33959268651836     
   603.03672981772070     
   602.50210589544145     
   601.82699646108836     
   601.48435910460068     
   600.89475600323715     
   600.66247989020690     
   600.42076393252773     
   600.21246647530882     
   599.74214768193383     
   599.04241917540287     
   598.70794994188577     
   598.64951664031071     
   597.86553000086019     
   597.64917740291332     
   597.13151017894893     
   596.97441916364880     
   596.81003853654511     
   595.63340366124589     
   595.19765701771564     
   594.80423913379548     
   594.35086420183256     
   593.68948730924876     
   593.16437664157286     
   593.08658606969811     
   592.56184804510247     
   592.26749884477772     
   592.03972451147069     
   591.23620928415369     
   590.61580390033168     
   590.36156855654747     
   589.89598993358049     
   589.33786028503948     
   589.02356820994487     
   588.45975283944017     
   588.18223273687363     
   588.01721546636122     
   587.56434628513910     
   587.26787200717752     
   587.07066622783702     
   586.55724918305270     
   586.43798034712847     
   585.85041965239952     
   585.45849970689164     
   585.38225945299519     
   585.00111115024345     
   584.46588401045267     
   583.73681680410300     
   583.14550422111199     
   583.03253297245124     
   582.63302027687723     
   581.95262481619636     
   581.42910738491230     
   581.03698751521324     
   580.90005549104990     
   580.41460499987727     
   580.07927330451992     
   579.48306144229696     
   578.47432587864034     
   578.15949560939555     
   577.90875696972455     
   577.82438098650630     
   577.63152681563167     
   576.90622919582495     
   576.47242066894376     
   576.08456532600007     
   575.64536800265557     
   575.48533865221589     
   574.96489078812681     
   574.53747182562506     
   574.33583244276588     
   574.22072530580363     
   573.48593022408397     
   573.26446617341014     
   572.88401539359450     
   572.49425245820362     
   571.91702287246494     
   571.63524888738539     
   571.35883439771658     
   571.05336404604532     
   570.42501782388149     
   569.93916019283188     
   569.55948264275173     
   569.15665697637326     
   568.68345394186849     
   568.34045747841560     
   568.10131500222008     
   567.53077069153164     
   567.08231023049768     
   567.01579273720404     
   566.20365159148355     
   565.90277593391522     
   565.78360377818649     
   565.32128381001507     
   564.41984924969904     
   564.12791096865294     
   564.07771763486721     
   563.46088563652881     
   563.18884130916422     
   563.00420100344684     
   562.71771579037329     
   562.52382225691883     
   562.17971446522085     
   561.77348276038765     
   561.50839523087780     
   561.13198805158402     
   560.47243492828648     
   560.02511379722478     
   559.89396720556533     
   559.42206005800278     
   558.58993809090930     
   558.40288028955933     
   558.16136779550675     
   557.52897051239256     
   557.42765259203065     
   556.97491005248764     
   556.68661796397407     
   556.10149182569705     
   555.98064685096335     
   555.40425679476402     
   555.08313683475478     
   554.76599706881109     
   554.08801366928537     
   553.86612101038315     
   553.58947648471599     
   553.20093696405843     
   552.88194376208628     
   551.97081790242987     
   551.78750075450705     
   551.67963292000263     
   551.23429026589179     
   550.99046590532726     
   550.22621835341999     
   550.06766210242574     
   549.83264239988080     
   549.56343606136170     
   548.99950846487388     
   548.81132838222106     
   548.27640495588105     
   547.79979047072925     
   547.21864468097226     
   546.94511246132390     
   546.46973819167374     
   546.15257431318810     
   546.05029414523392     
   545.78817854180306     
   545.23136713969348     
   544.68248179231239     
   544.59083496925609     
   543.98747035121391     
   543.74711552850044     
   543.40626751915022     
   543.21965359098590     
   542.23841648423331     
   541.89070259202310     
   541.50165619054155     
   541.35727819863735     
   541.23025074099280     
   540.62340525328602     
   540.21187266870265     
   539.20109568185092     
   539.01366204217402     
   538.91153360148030     
   538.62616359641811     
   538.51400017858850     
   538.36017580988732     
   537.76168254227696     
   537.59246734841611     
   537.30838723978854     
   536.65903397290288     
   535.88995131582567     
   535.03399937479367     
   534.85793880143819     
   534.53183466949713     
   534.04279690844282     
   533.90513861696331     
   533.59657002597464     
   533.30380934201162     
   533.23086577962761     
   532.79736444986395     
   532.38259045763482     
   532.21117508962027     
   531.75205776980135     
   531.15146337206158     
   530.98656754040269     
   530.55875927988802     
   530.27497413501953     
   529.83179790314512     
   529.11766322498693     
   529.02830436507270     
   528.52384481464151     
   528.40002022564170     
   528.19153644610526     
   527.64235371566838     
   527.43515119787037     
   526.67417858818271     
   526.58244485942043     
   525.99222395277582     
   525.98407618769363     
   525.62874104872492     
   525.32585810058026     
   525.00436508863629     
   524.63591658942426     
   524.37911145611906     
   523.62842905538594     
   523.41659746342816     
   523.20523292633652     
   522.35260336190743     
   522.15153146195132     
   521.98911694834601     
   521.55208310418891     
   521.19518803491155     
   520.78725834630495     
   520.31010093442001     
   519.70959307538806     
   519.38736916240930     
   519.14896631525357     
   518.73477457423246     
   518.40570561257573     
   518.10039875046425     
   517.87329309761265     
   517.69863908735761     
   517.33732613897541     
   517.03280071473182     
   516.84433709318489     
   516.66383073256623     
   515.85884689109901     
   515.50659850789600     
   515.15324924486333     
   514.73651398090044     
   513.83660164247499     
   513.50070721095085     
   513.17107162854722     
   512.76369806786352     
   512.43775858469633     
   512.01342944212445     
   511.66808348034743     
   511.40985712022962     
   511.33758129768933     
   511.02527035575810     
   510.63793782676663     
   510.33181068260762     
   509.74096594864739     
   508.85167792174741     
   508.74472454597907     
   508.62641504648019     
   508.25663347111606     
   508.12198931825952     
   507.49773346705922     
   507.24726672291308     
   506.78308204329272     
   506.37010472370861     
   506.22654334957440     
   506.02705586104827     
   505.43167770435730     
   505.29531991476978     
   505.09591958152276     
   504.19655210316347     
   504.11651390880070     
   503.77498917870071     
   503.40538465304206     
   502.82018563891785     
   502.65618942377381     
   502.46475539329407     
   501.73972413599222     
   501.39099272465023     
   501.19572931244710     
   500.45797245802748     
   500.07424769506576     
   499.65307262712361     
   499.43646278214055     
   499.12943965840412     
   498.83853535179230     
   498.37380918752984     
   498.06446073213743     
   497.72633073796607     
   497.68077425250169     
   497.51290005301803     
   496.65667759575746     
   496.47989533074605     
   495.88807164967039     
   495.60791650171097     
   495.24442312533228     
   495.02382130858405     
   494.60873217300400     
   494.40358134783844     
   494.06218657324001     
   493.87281252655447     
   493.13363197592918     
   493.04161575112556     
   492.78457004159662     
   492.15877210950839     
   492.05570568309986     
   491.76481809008101     
   491.61438956636573     
   491.07205073671776     
   490.72641106900551     
   490.47231297706247     
   489.90297620494351     
   489.72225990643523     
   489.28852809206796     
   488.75076030788074     
   488.73960265922244     
   488.40161363866628     
   487.61945611394594     
   487.44337643633253     
   486.82091769523913     
   486.66923027750681     
   486.15148866469610     
   485.82472791737996     
   485.40102496639258     
   484.78186300072645     
   484.46853833334899     
   484.22153705373631     
   483.68464166710123     
   483.55947797980855     
   483.52273142548989     
   482.96333774779583     
   482.78254531466240     
   482.45034599972422     
   481.93017734389605     
   481.66382764886680     
   481.44732822551401     
   480.67667448625099     
   480.53562386049322     
   480.08940604545404     
   479.76591593830898     
   479.63362189921520     
   478.92120407840366     
   478.67772382497685     
   478.20540500512124     
   478.03192685100635     
   477.37780525704642     
   477.13045130496062     
   476.97483000143484     
   476.56534472957594     
   476.46700187850161     
   476.09549350811437     
   475.87256496531882     
   475.41306078559143     
   474.89537797664377     
   474.29495116981383     
   473.88767427144626     
   473.58010692122792     
   473.11771798168576     
   472.98598669925724     
   472.79444416729694     
   472.47394837960763     
   472.31403465625323     
   471.94929228124255     
   471.87439625340107     
   471.38965266017783     
   470.94138293712041     
   470.83531990973086     
   470.62586944759977     
   470.01366250808661     
   469.82182153298538     
   469.20691151487068     
   468.55808574520114     
   468.50278748041035     
   468.20355360914374     
   467.49344677623674     
   466.99137927260534     
   466.81267566339659     
   466.52707647224753     
   466.31379035107813     
   466.03539015046317     
   465.88506852810519     
   465.57606209443713     
   465.41456837461573     
   464.77884097672080     
   464.57213438419586     
   464.04431790503043     
   463.72087323739333     
   463.44834832892366     
   463.17389596282101     
   462.96162126213540     
   462.32547313900750     
   462.11085301503471     
   461.88843237732095     
   461.65952841003559     
   461.25942868829679     
   461.02747294153181     
   460.83771144055379     
   460.52091684450642     
   460.03130162288596     
   459.46058894406156     
   459.02429139613741     
   458.86242044147190     
   458.82516064830020     
   458.50281073504772     
   458.02835077436731     
   457.47228107583175     
   457.45425205530836     
   457.14482295214435     
   456.70540270381474     
   455.81044741428730     
   455.77558374032122     
   455.62296134741439     
   454.99567588818729     
   454.64665164928351     
   454.43055680833982     
   454.03070902343831     
   453.50998998496277     
   453.34522852194289     
   453.17798131272423     
   452.68882969328479     
   452.46069376956575     
   451.99650211639619     
   451.57787260006415     
   451.39538489379811     
   450.89379652665986     
   450.57841513376474     
   450.40418073972535     
   450.18617995464223     
   449.72216985215459     
   449.54303323662424     
   449.31320797494197     
   448.96019795100693     
   448.56645756521226     
   448.22850323921818     
   448.12050400253599     
   447.92687126294618     
   447.51713594033106     
   447.11849769300863     
   446.82137606000032     
   446.51264302855367     
   446.26303305527955     
   445.83327306018288     
   445.68092269401609     
   445.56796264218900     
   445.04864936604440     
   444.66127210302864     
   444.01060991893246     
   443.74746489800805     
   443.36131714594785     
   443.01491535925680     
   442.83361358398457     
   442.53714000840631     
   442.20436343809865     
   441.88730629658016     
   441.60617566629531     
   441.38906051662053     
   441.28726270120200     
   440.73351260588396     
   440.29681825135833     
   440.10852534379814     
   439.91388480280000     
   439.41779045646058     
   439.17460952040892     
   438.66653966008727     
   437.85590923284838     
   437.79139339402110     
   437.66354049868619     
   437.36793983442578     
   437.13508494533170     
   436.79457535802925     
   436.53443323992502     
   436.13516576385598     
   435.52759400212210     
   435.14697160783265     
   435.07663779619577     
   434.64721603418303     
   434.45483595426469     
   433.97540244135814     
   433.49605282560896     
   433.45218074233736     
   432.80858367034898     
   432.69214435746653     
   432.40391456059228     
   432.09784674782287     
   431.87178645263361     
   431.59255979973830     
   431.05000529133457     
   430.87089219397603     
   430.64998313003878     
   430.30196585445691     
   429.91533423648463     
   429.67725567257685     
   429.32979775105639     
   428.91371246786434     
   428.43477159612803     
   427.91228376891354     
   427.70945676565930     
   427.65284454188128     
   427.32278100547450     
   426.90050658745588     
   426.63661232277104     
   426.28537233499537     
   426.05657227008265     
   425.86295450527547     
   425.63473539697696     
   425.21117456674068     
   425.18894542488232     
   424.57039989800842     
   424.48502436075631     
   423.99394957707250     
   423.68928304577321     
   423.46983586595087     
   422.96765885281599     
   422.39731951104699     
   422.28574899451178     
   421.87912102766489     
   421.65057889903750     
   421.42830462167808     
   421.13657247544364     
   420.65205346589460     
   420.40687619844886     
   420.33026966804829     
   420.00220124569717     
   419.68535872727551     
   419.36331856786438     
   418.81483136595989     
   418.69384237245060     
   418.30021840236185     
   418.20237181596946     
   417.83460582867872     
   417.60330278762433     
   417.26912203847439     
   417.01846900172319     
   416.75561174435677     
   416.30337066270596     
   415.82947237498598     
   415.53609482268513     
   415.27563056842905     
   414.86728984824185     
   414.68047386747611     
   414.17670229095449     
   414.13959026323352     
   413.61734248957038     
   413.26617560754670     
   412.99925701719934     
   412.53045038139874     
   412.15087075259584     
   411.88787770339252     
   411.66748842012646     
   411.02769832532209     
   410.92196592532730     
   410.83706772278140     
   410.48860612138719     
   410.34526981602113     
   410.20710241874940     
   409.79709794430568     
   409.65047888539715     
   409.38779875873882     
   409.24080666262387     
   408.73209077713312     
   408.58246043609017     
   407.90031922418814     
   407.74275351438911     
   407.39680327685909     
   407.00686392342431     
   406.64899951884513     
   406.16204452964615     
   406.07956018810080     
   405.31492582338893     
   405.00046686959854     
   404.83695954223180     
   404.77694664341084     
   404.15785090106021     
   403.94875363120303     
   403.93485799958415     
   403.39393934288051     
   402.93011881550962     
   402.59466224747945     
   402.31411773909372     
   402.20911348288644     
   401.87513024032023     
   401.42989584908145     
   401.15699764727856     
   400.95944445882668     
   400.70604105548910     
   400.23773404749818     
   399.99901574061187     
   399.68182381418865     
   399.46750625370032     
   399.12708907524285     
   398.64257391461024     
   398.46262964490091     
   398.18614330379592     
   397.79819467094336     
   397.52670844889599     
   397.41108434113210     
   397.15083878795735     
   396.69666149341816     
   396.60102451423683     
   396.31267595155396     
   395.70414916483776     
   395.60446524003760     
   395.01388556768524     
   394.77768054917419     
   394.56717408871458     
   394.34560739417981     
   393.90475875354764     
   393.52961908341763     
   393.35446828608542     
   392.87912170674133     
   392.61835722053189     
   392.43874057853941     
   391.94351072737715     
   391.69888439670825     
   391.33539668168277     
   390.90912407249488     
   390.63753966947621     
   390.48818672847500     
   390.06511134400341     
   389.85474287699805     
   389.76296173596342     
   389.33003077538177     
   389.12326112679301     
   388.94848075069382     
   388.77407158088471     
   388.44460589956697     
   387.70962054169689     
   387.55551516075855     
   387.20600013739340     
   386.75031027326105     
   386.56514069988140     
   386.48182856154386     
   386.18008227218161     
   385.67705647753337     
   385.38460571332558     
   385.18811012863983     
   384.83984347479367     
   384.45082710871191     
   384.25130610829569     
   384.05279152060234     
   383.69583565739032     
   383.50456399412911     
   383.06748932269318     
   382.76775107513788     
   382.16865691855929     
   382.01750268105991     
   381.67168677030560     
   381.62283125284000     
   381.28471920006626     
   381.08179928486499     
   380.90277988974589     
   380.69366848092579     
   380.35952769229829     
   380.14698660455298     
   380.11187237843365     
   379.66108830567492     
   379.28330422816299     
   379.07276728581837     
   378.81574850988989     
   378.31014225832047     
   377.99953506672398     
   377.76111582610571     
   377.48258855342613     
   377.42063851259326     
   376.99889090415957     
   376.48587471340574     
   376.03257819877933     
   375.94674029943155     
   375.73989463354030     
   375.65435167355116     
   375.30421106854641     
   375.12195831314568     
   374.82988071848609     
   374.35774616581193     
   374.04577972664299     
   373.89073785286666     
   373.55579702926542     
   372.91946308548569     
   372.47584102657237     
   372.22213631408988     
   372.05813049643990     
   371.64340818648276     
   371.48830368530889     
   371.14371079025079     
   370.99631114449227     
   370.54264066349936     
   370.40424236373553     
   370.03564075736779     
   369.93667946400245     
   369.42231779046767     
   369.37418682141725     
   369.05418933894902     
   368.58237811314564     
   368.49110785901075     
   368.17828393902147     
   367.87608168032835     
   367.67855408379444     
   367.16535576684504     
   367.11967357928023     
   366.55985745284113     
   366.34483773089300     
   366.14801480942515     
   366.13262844021585     
   365.88940491799355     
   365.57607690140122     
   365.28728994172337     
   365.10755594052233     
   364.67066172994163     
   364.08192311921357     
   363.99830836160169     
   363.85943431562555     
   363.54476699011246     
   363.14597369757826     
   362.60340899513346     
   362.34595249936046     
   362.04249543876801     
   362.01930233192047     
   361.81764357851432     
   361.30347660034272     
   361.04067418916077     
   360.66360275190891     
   360.48950115775153     
   360.13451187654090     
   359.85206048648388     
   359.52396159281579     
   359.41321077522173     
   359.19642149227798     
   358.81738265351095     
   358.67278778562525     
   358.43617013407936     
   358.10689247834131     
   357.86451873264201     
   357.63762911423851     
   357.04108132161156     
   356.77197488679701     
   356.53030445941624     
   356.22741136161898     
   356.12949800202273     
   355.74845495916105     
   355.58169992852737     
   355.35951341430018     
   354.81536539790869     
   354.69298894072801     
   354.65074794460406     
   354.22585132736691     
   354.00166408431835     
   353.88757321459627     
   353.70063673628346     
   353.09554475913137     
   352.85636451170393     
   352.43651990462763     
   352.17169720507951     
   351.97998222588507     
   351.88270437225611     
   351.71654127544036     
   351.21618832895007     
   351.01630388745042     
   350.63293189548006     
   350.34848126888835     
   349.90114254195896     
   349.67047507500672     
   349.60643303173862     
   349.21660096716789     
   349.08425884572517     
   348.75735665603867     
   348.59018962550050     
   348.31102048931183     
   347.77076181356591     
   347.26070477384360     
   347.09792614233896     
   347.00398218955308     
   346.82538989740289     
   346.74392501074703     
   346.26982926677249     
   346.21554428236476     
   345.95561758133135     
   345.68131446527826     
   345.34258326861976     
   345.06354442932513     
   344.95192351325886     
   344.35688964688467     
   344.14167594258458     
   343.88446056370788     
   343.51464101674588     
   343.44361464123028     
   342.90437090583555     
   342.78260621421157     
   342.68017986692422     
   342.19925627564220     
   342.03185551935877     
   341.70536599157566     
   341.48681624581667     
   341.37645976672707     
   340.80975676575656     
   340.74355198314481     
   340.31524714565467     
   339.81385854955982     
   339.58916949727472     
   339.33318530195294     
   339.19835358578047     
   338.99543472569013     
   338.65986117873604     
   338.37074282763160     
   338.11022087020194     
   337.78398552159587     
   337.40823898820901     
   337.10344251314154     
   336.93551666119453     
   336.54545429953362     
   336.23294458004483     
   336.04958161969171     
   335.59653537590430     
   335.52032871491576     
   335.07996989940057     
   334.84101958412271     
   334.55178028786105     
   334.34427427279655     
   334.22626308278637     
   333.97766147534304     
   333.68348364184607     
   333.28189122340535     
   332.93281303568580     
   332.80004998028051     
   332.69491063114924     
   332.40696544329069     
   332.06862775735169     
   331.87563159032396     
   331.53291062085856     
   331.36825747012057     
   330.90111648641141     
   330.84613251467727     
   330.63460834750697     
   330.49377539539614     
   330.11785137958822     
   329.90228425748251     
   329.76388684332477     
   329.42804726437561     
   329.04185980261684     
   328.91696710638632     
   328.64339514115028     
   328.47533004720515     
   328.10886324372558     
   327.56339190999483     
   327.35196716936071     
   327.24594919892263     
   326.79628156724186     
   326.35342233083236     
   326.25025832995993     
   326.09815822179212     
   325.59280314654012     
   325.38742630298083     
   324.90418178458594     
   324.79084562012491     
   324.59813532727770     
   324.40544258672861     
   324.33224010672808     
   323.97902265465279     
   323.45724476471833     
   323.41630603068796     
   323.28480306900127     
   322.94948167854119     
   322.61306466804996     
   322.32652002462316     
   322.17674373299411     
   322.05547731060051     
   321.87899759672621     
   321.51281870719578     
   321.27239288219982     
   320.92753253650875     
   320.76199119202079     
   320.70933698028142     
   320.36684115028510     
   320.06941000039734     
   319.63378479233580     
   319.23720945848021     
   318.90293341409108     
   318.76905534745384     
   318.50028629151791     
   318.39400245501400     
   318.37252694525608     
   317.79654854076807     
   317.70718175248783     
   317.48651672854226     
   316.94630786343095     
   316.89345885932210     
   316.46477101540250     
   316.29319960592727     
   316.07985832156101     
   315.94497445334025     
   315.59927251279919     
   315.27007834552819     
   315.00172491390714     
   314.82933111692853     
   314.57582095089560     
   314.49322164128341     
   314.37440449620971     
   314.04658219857896     
   313.77606484955152     
   313.59501624724538     
   313.32475202689983     
   313.09990647362497     
   312.80720506597646     
   312.60605639869618     
   312.36847443864741     
   312.01195945543270     
   311.62485048719424     
   311.56114642138772     
   311.33031240462947     
   310.76918866306522     
   310.72083544356644     
   310.56446413607364     
   310.21636610641963     
   309.87002742547713     
   309.80284129059106     
   309.58708658239840     
   309.22388764870988     
   309.06767032960357     
   308.76056602383352     
   308.67784404215143     
   308.43236099634009     
   308.18910178938893     
   307.72365774707805     
   307.37108007302533     
   307.04062001243585     
   306.83530225660024     
   306.61958005870412     
   306.32024155899666     
   306.21705313877607     
   305.99763796279660     
   305.77481929822301     
   305.39873555909804     
   305.25469001926501     
   305.03788503395043     
   304.74793710085925     
   304.54055550233625     
   304.30355458648893     
   304.25699026780160     
   303.98838963537690     
   303.37501800055412     
   303.25237107906690     
   303.02464088819340     
   302.44400175493041     
   302.17045315983557     
   302.09190140160598     
   301.83620639267667     
   301.75785609324930     
   301.44622458708284     
   301.19687433589723     
   300.60342417722143     
   300.46207537069972     
   300.17644567370075     
   299.88298710104846     
   299.82107201873322     
   299.50123750459232     
   299.35747974566061     
   299.13430254792689     
   298.78244145391176     
   298.62271993812681     
   298.38869257160286     
   298.26680391729883     
   298.06587324135285     
   297.88057396554757     
   297.68084393845027     
   297.30399422803669     
   297.09618138378340     
   297.04425246736594     
   296.83060212047866     
   296.29802422952503     
   295.98384493132681     
   295.94785169190726     
   295.61283163168196     
   295.04300693010333     
   294.78565173354872     
   294.44803027597010     
   294.28646595303792     
   294.17113929544803     
   294.11435419225023     
   293.87923792909118     
   293.67205525728582     
   293.53617058489988     
   293.17062699136881     
   293.06401568375162     
   292.50116962575470     
   292.41217607892162     
   292.15436882386297     
   291.77937079084830     
   291.67931053420801     
   291.32224187737216     
   291.03963224862093     
   290.84209008045713     
   290.56931147093235     
   290.53713011098125     
   290.38733575404399     
   289.80372733351703     
   289.45637395375201     
   289.33352660454852     
   289.27017289677076     
   288.91291146608637     
   288.70301765624288     
   288.37253780538202     
   288.19151262821248     
   288.03462357759844     
   287.89848329416083     
   287.57133051085572     
   287.10392390333772     
   286.91199820772397     
   286.80508430520297     
   286.71063055066884     
   286.46835353421994     
   286.27549639099954     
   285.95991817066084     
   285.74787860626412     
   285.53144921198702     
   285.11535929741268     
   285.03270182848644     
   284.86982146116884     
   284.39573445858679     
   284.24397720798731     
   283.85533776442043     
   283.49968977537424     
   283.40947601326127     
   283.24783380099439     
   282.98988112031401     
   282.72062454655588     
   282.49611793290461     
   282.32409611538361     
   282.14784619680330     
   281.84828023473040     
   281.60787495641597     
   281.35909265497452     
   281.04777222027712     
   280.97367602972110     
   280.53186512744583     
   280.24683438915901     
   280.07260204023328     
   279.91240497204780     
   279.67611119857077     
   279.54052030654174     
   279.26390174947460     
   279.14860025745088     
   278.76525540883739     
   278.51616145708135     
   278.10911446702454     
   278.05922801264541     
   277.62188025937701     
   277.60871695810306     
   277.41179627892910     
   277.01671642064707     
   276.76745330044486     
   276.63950357532565     
   276.45334513915356     
   276.14468671310448     
   276.10254631741583     
   275.73448891256862     
   275.57805857947238     
   275.31999005665284     
   275.04361382726756     
   274.94943004285909     
   274.51788583423013     
   274.22529881850465     
   273.98025360459445     
   273.75990726809721     
   273.69514660018052     
   273.43019168195980     
   272.99719150453126     
   272.77856852726291     
   272.34609042109406     
   272.20365494235222     
   272.12221376474378     
   272.07323197461136     
   271.86359233656424     
   271.52107658834177     
   271.34809787599090     
   271.09266588360953     
   270.93197656828858     
   270.68676617811843     
   270.21325833757788     
   270.01268745838649     
   269.88131167426059     
   269.65880096179058     
   269.44839373528521     
   269.25782822354228     
   269.11784378393918     
   268.89144519481880     
   268.82503919321073     
   268.32659980213492     
   268.07556691355842     
   267.99964221610850     
   267.67719425946359     
   267.56332080985158     
   267.28098241711911     
   267.03562321569956     
   266.92519392268559     
   266.59848632052399     
   266.22864462231553     
   265.90778415519964     
   265.82196600542261     
   265.46361640012094     
   265.33174702551582     
   265.09902174092230     
   264.97384099367281     
   264.63253481002232     
   264.28115812224644     
   264.10306571042867     
   263.95513423770308     
   263.67483555939975     
   263.44904174883601     
   263.27827519845346     
   263.12814939749620     
   262.66630434775476     
   262.64524053764171     
   262.54530979408077     
   262.02841277098423     
   261.79110649359922     
   261.50577828235254     
   261.44452944112192     
   261.15100306700322     
   260.95701596768959     
   260.61646393681752     
   260.52542811724197     
   260.27414638572145     
   260.01343871032191     
   259.94420501689677     
   259.75388588391451     
   259.61403363658206     
   259.43753997125805     
   259.26303800308875     
   259.11873883801081     
   258.91306526664744     
   258.68918097193495     
   258.56173196842025     
   258.39269523766933     
   258.02332437437843     
   257.75072982253954     
   257.56797791752325     
   256.97047309763980     
   256.85716297111719     
   256.66922390675865     
   256.39166681052291     
   256.34268569512022     
   256.00395020934468     
   255.73017112688464     
   255.49330358823920     
   255.24301716740163     
   255.07228460847688     
   254.79556779359345     
   254.52173730000015     
   254.25465573134443     
   254.12132126239715     
   253.88780916148704     
   253.61653078375036     
   253.39745081271352     
   253.28641348765348     
   253.16547431118869     
   253.08851739579450     
   252.85090186544193     
   252.48863040750132     
   252.36103464263758     
   252.08168521893955     
   251.93378067467464     
   251.82619514199175     
   251.34068489717350     
   251.28421508682391     
   250.99878397827598     
   250.76598391784165     
   250.37981035184455     
   250.18474678329335     
   249.92331393829798     
   249.72515884815323     
   249.51988635556719     
   249.34332070924972     
   248.83346888273405     
   248.71310842448528     
   248.60427505424681     
   248.51228422866239     
   247.95678026301769     
   247.77977913447452     
   247.62284363862182     
   247.40295679538033     
   247.19828590936288     
   247.13800789760819     
   246.94927134967548     
   246.60334494853211     
   246.42324778722019     
   246.18841055884138     
   246.08075487425205     
   245.68201830599381     
   245.62220156835875     
   245.45426830556488     
   245.32312663181446     
   245.14319076224893     
   244.84959296424387     
   244.69952218677358     
   244.38757411319494     
   244.16210107254875     
   243.83190903491152     
   243.79489715854936     
   243.58585331174504     
   243.34219788343941     
   243.12570180364193     
   242.85798160961335     
   242.65085290791612     
   242.42506512689542     
   242.22965966542688     
   241.97747527789790     
   241.80120044333216     
   241.64738898826843     
   241.20901228568147     
   241.16955122642284     
   240.78071711271133     
   240.66110281781627     
   240.49479231156712     
   240.27764077450385     
   240.11851231372893     
   239.96160712409230     
   239.76421802224235     
   239.55909839659105     
   239.15585223113254     
   238.99080708856280     
   238.59364929250933     
   238.30401619934872     
   238.14718068428775     
   238.14008329729472     
   237.81349652823712     
   237.43383928990443     
   237.38291930103600     
   237.23207362370707     
   236.99686870593544     
   236.89841600561317     
   236.60301809311153     
   236.50063626886248     
   236.17431489469067     
   236.13807548159292     
   235.98540103450327     
   235.38935226109916     
   235.30228634678551     
   235.05538533978657     
   234.84344158989785     
   234.73543031991881     
   234.46988982215836     
   234.22649439768026     
   234.10690456865868     
   233.77425429506761     
   233.63910919283015     
   233.55482771423536     
   233.36680428963010     
   233.27221296362845     
   232.92838391508346     
   232.59099217389394     
   232.53825996833061     
   232.14659260682853     
   231.99404286779270     
   231.71378346991986     
   231.52808938122035     
   231.29195492671067     
   231.11177013397784     
   230.88146715759785     
   230.68691042713621     
   230.58164017040551     
   230.24629922599536     
   230.18300291387666     
   229.98339965272564     
   229.63182920268443     
   229.48898988287240     
   229.27736660680270     
   229.12269566963090     
   228.72382420781108     
   228.65464616553797     
   228.44492384976820     
   228.15668675960072     
   228.10885477115710     
   227.91262478378405     
   227.61700475174953     
   227.34906021130283     
   227.22349114856857     
   227.00542076957717     
   226.79645810035680     
   226.64317039574468     
   226.42515883844467     
   226.32905412663953     
   226.03970502291219     
   225.94800903368372     
   225.68922470656375     
   225.51450614325174     
   224.87872857754422     
   224.78358987974147     
   224.64125432310269     
   224.54446078510617     
   224.42261807348265     
   224.13170494113476     
   223.97413984092577     
   223.88690490077391     
   223.62783638552273     
   223.43710580249717     
   223.20581722835158     
   223.09768808962505     
   222.73744829433031     
   222.58868234139794     
   222.57583838374262     
   222.29885277302870     
   221.91194314564962     
   221.80020727625009     
   221.72877656536946     
   221.16584624130846     
   221.13370196463100     
   220.88417160438368     
   220.71563766506927     
   220.59162498313583     
   220.33592039917656     
   220.17793451263847     
   220.02613400725272     
   219.74823379360598     
   219.60488795420815     
   219.35462110037409     
   219.13074624451806     
   218.97949967725808     
   218.76998981664451     
   218.58802477846973     
   218.30321610718192     
   218.18361305902312     
   217.98345804019851     
   217.61007605886522     
   217.52161184444344     
   217.47409185042486     
   217.35765186574775     
   217.26197595940499     
   216.98494458472285     
   216.88789528590203     
   216.63028928168606     
   216.48175991789159     
   216.26491931726582     
   216.05197018402279     
   215.93346814279346     
   215.71899340675253     
   215.50247835864641     
   215.26862962931446     
   214.84494575929466     
   214.63189911563057     
   214.30571236936385     
   214.23297371989821     
   213.99555105593757     
   213.81441436870992     
   213.53875503132863     
   213.36306261422087     
   213.22995524422484     
   213.06571219461813     
   212.65902828072572     
   212.53243151718254     
   212.39242644555924     
   212.18680625813607     
   211.97808220902721     
   211.84250957183301     
   211.68745851950752     
   211.28757432751124     
   211.00638818016364     
   210.96148136846770     
   210.83398045990609     
   210.73633839787325     
   210.52058157313459     
   210.28983011601633     
   209.97236905868530     
   209.88141221320333     
   209.60218147332898     
   209.53533927628484     
   209.32423067213898     
   209.25913745942637     
   208.95647638501885     
   208.80103544419316     
   208.66020993550831     
   208.54317071800804     
   208.27126236692010     
   208.08386034876676     
   207.88272512268261     
   207.54260873952708     
   207.34380778017317     
   207.11670444144815     
   206.94137755146613     
   206.80768759883233     
   206.59334647861803     
   206.33457720139836     
   206.21802911186404     
   205.97505816799813     
   205.82747292375026     
   205.68069082092288     
   205.51569110004178     
   205.30286399851184     
   204.95585993111669     
   204.75195624029197     
   204.72408163960034     
   204.54013099138672     
   204.37598106137244     
   204.11069492476437     
   203.85889548737276     
   203.77207563175901     
   203.58407066431283     
   203.45885543526825     
   203.25593529829800     
   203.05786661765055     
   202.59587281676551     
   202.43188455680323     
   202.24126701386035     
   202.13381845576103     
   202.08546099402517     
   201.73552093897393     
   201.62584273141235     
   201.26061243161442     
   201.02377106238882     
   200.98661333923275     
   200.71372270731146     
   200.42783455576557     
   200.33416508745137     
   200.03263130513656     
   199.68621786938542     
   199.68439053841135     
   199.62190032992706     
   199.40540581055328     
   199.02661333858268     
   198.91975091914853     
   198.80386976897930     
   198.71381698229362     
   198.58778603244323     
   198.16433678243169     
   197.94664745700516     
   197.80920540910489     
   197.75560507655078     
   197.33605507282641     
   197.26623123635744     
   197.07559892902549     
   196.83450825667504     
   196.72198458999907     
   196.67781921728803     
   196.30109157337836     
   196.09145606850859     
   196.01906855173223     
   195.83466872779994     
   195.78581265396895     
   195.46923128656206     
   195.34506497205854     
   195.11682201918001     
   194.80229909895021     
   194.73201571955556     
   194.63535581568854     
   194.41123640700960     
   194.16256231256932     
   193.86713179594906     
   193.85854672230619     
   193.67730697449386     
   193.53207962935684     
   193.38273410467872     
   193.31357858156974     
   192.85434144855716     
   192.79682456879684     
   192.66885252916978     
   192.26854418277830     
   192.17917543024740     
   191.89789055498832     
   191.72773357745362     
   191.64757984494850     
   191.25412678735600     
   191.16684161649920     
   191.03066066456029     
   190.87100455273242     
   190.57575778127099     
   190.37971465744988     
   190.24370554377748     
   189.87366543871141     
   189.72059292382650     
   189.60963671811078     
   189.52353429397255     
   189.34077244195319     
   189.12135798261610     
   188.94734207153394     
   188.86397291282736     
   188.46005840710438     
   188.35048582853659     
   188.26120136038097     
   187.82795656933328     
   187.68557363785058     
   187.59585427702524     
   187.51098515172455     
   187.10873363423528     
   186.94082918694428     
   186.66847151822193     
   186.58150877801097     
   186.52732494131362     
   186.39401169917625     
   186.04849800361455     
   185.93634861439406     
   185.58623095664109     
   185.42316060108755     
   185.24574902967788     
   185.09032753311439     
   184.84056478223883     
   184.58030769880551     
   184.54965536611252     
   184.33914176536553     
   184.12090495645938     
   183.82106262532625     
   183.63826468430898     
   183.61457751484448     
   183.40662911067929     
   183.19714325250973     
   183.12642994080278     
   182.89860734229435     
   182.74597191281035     
   182.45338554348987     
   182.25700364836487     
   182.00921735595503     
   181.90062796012685     
   181.66662881701635     
   181.53188444004510     
   181.36399062172541     
   181.25213469844684     
   181.12974942484129     
   180.94872581885338     
   180.70290353000672     
   180.46560365826878     
   180.32155191687755     
   180.09603041676553     
   179.96283699172866     
   179.52903987631646     
   179.39016823875613     
   179.29378480384293     
   179.10688505825689     
   178.85490058894692     
   178.70474319670012     
   178.57499660064053     
   178.42739982018702     
   178.09540646140371     
   177.95642795299375     
   177.85529072068491     
   177.50942579833492     
   177.38787616269772     
   177.16287604125344     
   177.04131866399402     
   176.90266302801209     
   176.81772321281323     
   176.53184307873798     
   176.46094845991641     
   176.20677658943720     
   176.12459590156487     
   175.87987901740252     
   175.70146731910501     
   175.64903436711992     
   175.54432913552012     
   175.45519880840385     
   175.26517010966614     
   174.94755497359969     
   174.86870765831651     
   174.42349014996228     
   174.35112739229629     
   174.14420105835129     
   173.79325797040605     
   173.65342569438178     
   173.35138396096374     
   173.30643780075391     
   173.10626744781467     
   173.06165437800507     
   172.84829432921370     
   172.62412532389504     
   172.60284640882699     
   172.31497557892877     
   172.20331366732691     
   171.85400865394348     
   171.73707884754796     
   171.46926689358642     
   171.39527896765156     
   171.21971559437205     
   170.95418654346338     
   170.75613892666303     
   170.60863552460367     
   170.46166539459594     
   170.36850488075723     
   170.23152836952011     
   170.05128441492411     
   169.87499436698840     
   169.55917682485855     
   169.47350950348172     
   169.22526478919218     
   168.99764740874616     
   168.99315249945758     
   168.92785573683437     
   168.60572787821914     
   168.45188047046753     
   168.39695531344216     
   168.16597679706558     
   167.97499742271523     
   167.74803656976943     
   167.60439758821309     
   167.28043117969349     
   167.02575402442301     
   166.96144569517827     
   166.74860770464340     
   166.61837469879561     
   166.51093680856835     
   166.45379160854330     
   166.21002172973604     
   165.92001947001992     
   165.76938376378502     
   165.62579685861084     
   165.54091150483430     
   165.34921935989328     
   165.09355840078271     
   164.90890943252128     
   164.46205949519768     
   164.37955192367320     
   164.14167445266409     
   164.00489770051374     
   163.73704210829155     
   163.48283712370400     
   163.36312837278390     
   163.18317365988241     
   163.05593836012855     
   162.86545787404989     
   162.85179462593149     
   162.75454475656147     
   162.48251812587765     
   162.24993364493210     
   162.16749123234356     
   162.10784379765349     
   161.91435901817783     
   161.80602888453555     
   161.33971614097641     
   161.16639508485829     
   161.06350744420948     
   161.02500825536055     
   160.81502382769298     
   160.66876735651226     
   160.52859689492780     
   160.43502021601714     
   160.20937006460971     
   160.02534408954486     
   159.98245185584881     
   159.64742565589682     
   159.49689693179621     
   159.28247516785672     
   159.26123550862869     
   158.97401478384481     
   158.84594180276721     
   158.63917708544261     
   158.50481627545369     
   158.45010593518083     
   158.02268593576085     
   157.88373357888170     
   157.67326919161334     
   157.46424500466136     
   157.32594720144135     
   157.15707972294700     
   157.07167190183674     
   157.00434334421215     
   156.63093557628855     
   156.59380350842122     
   156.40531768398239     
   156.06701184130097     
   155.98291165226547     
   155.85599007842720     
   155.72857716617494     
   155.63311484497416     
   155.23021077812820     
   154.96748092051720     
   154.91210261909478     
   154.83623595251592     
   154.67533082628063     
   154.52171225222691     
   154.24598514390178     
   153.89764512756042     
   153.86896815221178     
   153.72773652762348     
   153.62805464028077     
   153.43674225557783     
   153.36280105992043     
   153.13412657973927     
   152.93135288961400     
   152.77299278048963     
   152.54757270064127     
   152.42278616307877     
   152.30284567796295     
   152.17159632005152     
   151.96219253546153     
   151.75242197723426     
   151.57033928569834     
   151.43991822547511     
   151.29536113020330     
   151.22430077834429     
   150.93428358511912     
   150.86878149403717     
   150.79540259479643     
   150.50137731616167     
   150.41559119880455     
   150.16850122580433     
   149.86535419929237     
   149.67088904972744     
   149.49344047508646     
   149.41629341300484     
   149.18282150801662     
   149.11590610127303     
   148.84117382317766     
   148.54319768603645     
   148.36308113758241     
   148.29400571477055     
   148.16411891751540     
   148.12013222194545     
   147.95700008084611     
   147.63500350110303     
   147.51111159243035     
   147.37713178078727     
   147.34860539273481     
   147.10202668539995     
   147.01552641403325     
   146.70943074766231     
   146.49392626067268     
   146.35705071612247     
   146.22042231307020     
   146.06310282923917     
   145.84632185215480     
   145.77769781808084     
   145.49903142062357     
   145.32948184616239     
   145.13364778780809     
   144.96922522615364     
   144.88039531042574     
   144.60014446199372     
   144.50794799512795     
   144.38502329276315     
   144.24996923172853     
   144.01979734508450     
   143.76422111759874     
   143.50569048222931     
   143.39578389409638     
   143.18011168286952     
   143.12974390337354     
   142.84541055586632     
   142.55721041692541     
   142.47807696020607     
   142.35388638456263     
   142.25343284882752     
   142.11484084825847     
   141.89807168132836     
   141.83290762091931     
   141.60417422090322     
   141.40254641956702     
   141.29140871586725     
   140.93979835349410     
   140.81934854933539     
   140.71897509253301     
   140.63630406324748     
   140.43441529091177     
   140.22331316066945     
   140.14653922556892     
   140.00702889908467     
   139.93344033113712     
   139.73637261912512     
   139.40995524013817     
   139.22337293398823     
   139.01547487218176     
   138.75596981314311     
   138.58967197372837     
   138.47529474451900     
   138.41710849959338     
   138.32268879539978     
   138.04929375543139     
   137.84144211913062     
   137.75816715235007     
   137.58609625686111     
   137.44318640506259     
   137.29873526729048     
   137.12702564022669     
   137.02609335477976     
   136.74574484151640     
   136.70654103368065     
   136.42646700625238     
   136.28723544912899     
   135.87655738354641     
   135.86448547103191     
   135.80800831896343     
   135.59567452452799     
   135.48566052374960     
   135.39900918548358     
   135.26017352211946     
   135.14384557559657     
   135.04107002430729     
   134.79213427309762     
   134.54045208940630     
   134.40506213203213     
   134.23718927828486     
   133.95468965334459     
   133.88698108459906     
   133.81689718542529     
   133.53607340445342     
   133.43569233167034     
   133.30766236742491     
   133.19899025037515     
   132.95408255967212     
   132.82242787016358     
   132.64985084022567     
   132.48724174258675     
   132.41549203725552     
   132.26143387303372     
   132.05398574097066     
   131.68326547936027     
   131.53163309193761     
   131.33922613349628     
   131.06740894582336     
   130.93893192885562     
   130.60071729937206     
   130.51389972067960     
   130.36494730443792     
   130.25155083857510     
   130.03473281020788     
   129.94944738791497     
   129.69669388373413     
   129.49202629101387     
   129.45344548667197     
   129.38131809325742     
   129.05224808786295     
   128.98309850323881     
   128.78675461989087     
   128.65098323678723     
   128.45375068321169     
   128.37075718761977     
   128.16770310314521     
   128.11778975347346     
   127.92142314782826     
   127.70228274583248     
   127.57092771673372     
   127.39616757002727     
   127.30545656785338     
   127.17740749397825     
   126.87416388234590     
   126.71412383470654     
   126.66660581837195     
   126.50144663018597     
   126.31714041347790     
   126.02788420264909     
   125.95356925721111     
   125.88307609790689     
   125.65717454336141     
   125.54419781882565     
   125.21185907223993     
   125.15910441588100     
   124.92908249105344     
   124.67235960841218     
   124.35760121947784     
   124.29506332414108     
   124.13641716432507     
   124.08275027921265     
   123.75246140650927     
   123.68038940039290     
   123.49514668321093     
   123.43123495228365     
   123.15172637179249     
   122.96106665070197     
   122.87806829918124     
   122.74962872507091     
   122.66336766998332     
   122.50002000911158     
   122.27789739987973     
   122.17985017965950     
   122.00765169305370     
   121.88390892366044     
   121.74071666354628     
   121.55372155072406     
   121.35429570658263     
   121.22284151891134     
   121.09705120235886     
   120.79583599389541     
   120.78518223246701     
   120.67811775369651     
   120.57520540723557     
   120.30230534496334     
   120.22342006519965     
   120.03672739324088     
   119.91916307782483     
   119.77262748668225     
   119.59538647819222     
   119.47469549611547     
   119.28895058589522     
   119.08566565503456     
   118.93543900578504     
   118.68122608233159     
   118.36820970736372     
   118.27099275972660     
   118.22649349821842     
   118.06424458497784     
   117.95673942734867     
   117.80772419608739     
   117.58840929464631     
   117.38596193913568     
   117.23456772859572     
   117.02453621262680     
   116.87297918671752     
   116.84318701728608     
   116.69945658218732     
   116.51035888670225     
   116.49249949824922     
   116.26767384384719     
   116.15172336882505     
   115.99169057697348     
   115.78060569849868     
   115.71723216531512     
   115.55827677228636     
   115.25157215048561     
   115.07884149115280     
   115.00768329726750     
   114.86199002776124     
   114.59908386099286     
   114.52898783642796     
   114.27833165204972     
   114.04842247962895     
   114.00071014633539     
   113.92278003542677     
   113.67067845667628     
   113.61971010107594     
   113.40905145618949     
   113.16981130004730     
   112.93288016258988     
   112.89202487752348     
   112.74236329972695     
   112.47680928235977     
   112.37526997299969     
   112.29534076520486     
   111.98675003640037     
   111.90348509155640     
   111.57194652677734     
   111.40136214646338     
   111.29854991095061     
   111.11481301121971     
   111.06169442874396     
   110.94839832829845     
   110.82030988790849     
   110.69245472542643     
   110.59967844279863     
   110.51148711642863     
   110.38146440394480     
   110.26191784146414     
   109.87534548516594     
   109.83654539096675     
   109.73990301027018     
   109.66445009146219     
   109.49356972131223     
   109.21034924081358     
   109.18107437095750     
   108.99655801883195     
   108.78158889706525     
   108.54410448692121     
   108.44331129695020     
   108.16876588101543     
   108.02280694467844     
   107.85369190342288     
   107.57810856516244     
   107.53878507631585     
   107.36972508790160     
   107.20567341933645     
   106.99704352616553     
   106.88006970533391     
   106.62140890395256     
   106.37734652981399     
   106.31115823125901     
   106.24635644408532     
   106.03673170263946     
   105.79651199838707     
   105.59471332758353     
   105.46537819340335     
   105.21580682854231     
   105.03003079918194     
   104.97918501907267     
   104.76827782287732     
   104.62175268484000     
   104.39358528943458     
   104.25198817933502     
   104.21308259264990     
   103.99563460589782     
   103.75223939041629     
   103.56246463446992     
   103.38889689787169     
   103.33508103738079     
   103.15559243082598     
   102.89410442230016     
   102.71259606428674     
   102.69290920478923     
   102.44509548564059     
   102.31887663632494     
   102.13911131293928     
   101.99929075553604     
   101.78959773284507     
   101.70493516218230     
   101.59756514030003     
   101.45824038963617     
   101.16503446537482     
   100.93236230928422     
   100.79309444758638     
   100.69451645344941     
   100.48486460657097     
   100.31290525792780     
   100.21977856488486     
   100.04296571531367     
   99.934194552363451     
   99.907138732450775     
   99.710571373914760     
   99.487321438200695     
   99.403826852048326     
   99.043254197933791     
   99.030682407547104     
   98.608749770554169     
   98.511640609941011     
   98.373512906149003     
   98.133046998719550     
   97.918625548868178     
   97.878049035682366     
   97.759212707033370     
   97.701587502148101     
   97.280796158468902     
   97.163389612324877     
   96.978448822849600     
   96.894206053235308     
   96.730015243619349     
   96.679938574273137     
   96.427075598728408     
   96.373278787243422     
   96.268066613718048     
   96.146536885390134     
   96.039796378311323     
   95.814836199979965     
   95.767949930040785     
   95.549859309964873     
   95.343330411071108     
   95.164037487717465     
   95.005939177458259     
   94.844090596731533     
   94.598882753669386     
   94.484402606007976     
   94.312511822578955     
   94.130821536886756     
   94.087717249614386     
   93.928004291945129     
   93.641269629277673     
   93.536285035693226     
   93.487640347541245     
   93.178723338617687     
   93.022282854837371     
   92.775622585466252     
   92.618970466357737     
   92.436345558721115     
   92.326389125976007     
   92.193248494204767     
   91.918255726214397     
   91.762188633190135     
   91.556795771192682     
   91.540905096518529     
   91.390315720044725     
   91.279541191209731     
   91.044228776953645     
   90.840768676410391     
   90.769488965322708     
   90.611237164748417     
   90.461813899468268     
   90.229054682535150     
   90.017424725039461     
   89.985671947423640     
   89.795472147256817     
   89.569121440496843     
   89.485712376062281     
   89.204992345296716     
   89.007659470347349     
   88.953663157200751     
   88.646354568694889     
   88.615784383506025     
   88.434756018608070     
   88.342290125092774     
   88.056161139482370     
   87.981520618925472     
   87.774884331308400     
   87.707197586609070     
   87.457710833867608     
   87.435713529531370     
   87.262095816377737     
   86.968738117959703     
   86.905402940243590     
   86.495157016142997     
   86.462696779254728     
   86.268479955126551     
   86.038331594536729     
   85.932451107713376     
   85.880724481168400     
   85.648562520157512     
   85.368961634233017     
   85.150747208097087     
   85.089321363024652     
   84.815482904249819     
   84.772943222221727     
   84.531483777531179     
   84.281626110697673     
   84.124314260031127     
   83.812200479082989     
   83.737875296583994     
   83.512364328990728     
   83.333009169915243     
   83.039463383864359     
   82.982650048126558     
   82.846653180430820     
   82.755519945349263     
   82.643120035161957     
   82.484891345424970     
   82.429854986194997     
   82.258952209112948     
   81.973766885573909     
   81.819478627695830     
   81.601502813694836     
   81.462081468408769     
   81.413694918954249     
   81.163467487225319     
   80.947398684317960     
   80.879839106505116     
   80.630499797382768     
   80.566120189102676     
   80.328132804334146     
   79.941316904273904     
   79.871143518492460     
   79.650915780050866     
   79.407944329267664     
   79.030652041706020     
   78.939295576173109     
   78.847373699853122     
   78.780853310683867     
   78.600079549641507     
   78.263651688895777     
   78.082658171399572     
   77.847707803023567     
   77.695017246244035     
   77.564351398283279     
   77.542999082298650     
   77.289292140150437     
   77.092024981941250     
   76.913041760533616     
   76.733465084219631     
   76.436700263144289     
   76.292753043216052     
   76.165156112175481     
   75.962424355262712     
   75.612565701087632     
   75.519942004986831     
   75.436728382827098     
   75.363626736746113     
   75.062717727136231     
   74.997428921015171     
   74.921235300892022     
   74.500220805965824     
   74.324654364417057     
   74.187630054733873     
   74.040991504229467     
   73.760125218576860     
   73.519129593484379     
   73.354701754407444     
   73.155211062572974     
   72.859582961306572     
   72.638618681555528     
   72.421204089410708     
   72.234589721364230     
   72.139715114364961     
   71.892251159359759     
   71.503910579521943     
   71.247217714930173     
   71.184374455429108     
   70.908955620595009     
   70.857001143711742     
   70.671234433832993     
   70.543207739761783     
   70.279408107857080     
   70.138469455473768     
   69.987193768365401     
   69.689037848296238     
   69.602299673463563     
   69.426961502065382     
   69.208143168953924     
   69.050997543919848     
   68.933053376268433     
   68.730309842745953     
   68.479453222906571     
   68.424120689204116     
   67.811807940619786     
   67.698993272928320     
   67.485967743986848     
   67.424329337426229     
   67.342549691494611     
   67.077654454769942     
   66.845117533912244     
   66.488914707832038     
   66.278746007184481     
   66.023518214683506     
   65.994752359806100     
   65.801538117889805     
   65.446022149821630     
   65.113382852506049     
   64.775714897412172     
   64.592333608318597     
   64.388827916281983     
   64.239004669682572     
   63.886884632376706     
   63.739758949038944     
   63.533771248417096     
   63.349976227209453     
   63.132015256772341     
   62.862225693147664     
   62.751690649947214     
   62.484542110003751     
   62.050004750098054     
   62.030061888758922     
   61.561242617595809     
   61.351733695552610     
   60.923469515583029     
   60.782805313948913     
   60.554121908891254     
   60.089355256072146     
   59.682255981212499     
   59.513146722368553     
   59.181380054667599     
   58.876098264740492     
   58.468009297511152     
   57.984691218057293     
   57.724486259005360     
   57.505409861299732     
   57.080872904264496     
   56.931706560732920     
   56.658616318862499     
   56.482238631213420     
   56.202791236908588     
   56.054982472682617     
   55.364283837737936     
   55.278067281367029     
   54.988369154304152     
   54.842814513815583     
   54.348725284306603     
   54.142017825204768     
   53.561625943397189     
   53.291002759472761     
   52.858282728275853     
   52.535651459688800     
   52.306471510630985     
   52.126140844285771     
   51.564485254839234     
   51.316967980067808     
   50.850699675218934     
   50.687536139810987     
   50.333957401134811     
   50.188909611886437     
   49.775462089470572     
   49.658855752704703     
   49.090397257952851     
   48.983742716011989     
   48.347358854344478     
   48.184400484339676     
   48.010589837544636     
   47.545438610996513     
   47.373175590403193     
   47.024193957851253     
   46.743308220830258     
   46.606170851177254     
   46.197485727055835     
   46.051253327552438     
   45.655630590431095     
   45.059688028426137     
   44.442767162234652     
   44.188042446309581     
   43.975536330814698     
   43.806676684068179     
   43.704528855255155     
   43.273501352557098     
   42.831775979510844     
   42.717742641908281     
   41.739790765516432     
   41.528986723691951     
   40.537888613003666     
   40.411920211390338     
   40.176515993948385     
   39.757114368410988     
   38.407586152711332     
   37.064544159434064     
   36.290649487346698     
   36.082946110060185     
   35.447503828955689     
   34.772666123287493     
   33.962250202568598     
   33.203446403826518     
   32.882557204528069     
   32.192139710686952     
   31.414822772789226     
   31.092845004352760     
   30.803810288568435     
   30.011551620671757     
   29.810691553654852     
   28.973088010841440     
   28.726212729421174     
   28.390049928137305     
   27.376539589575952     
   26.669315350034331     
   25.801775802178966     
   25.092785195063126     
   23.733186293492018     
   23.577367939709962     
   23.360625558739233     
   23.184888370544087     
   23.062575138085563     
   22.568720097396952     
   22.240640872150774     
   22.107869677790443     
   21.800909785581279     
   21.329845457728521     
   21.013543406223416     
   20.541230764301076     
   20.248458062730517     
   20.111109829577153     
   20.023478496196802     
   19.670797327450522     
   19.307926134112424     
   19.185926480716081     
   18.921474275889672     
   18.375654074274454     
   17.833340116277189     
   16.726336842799757     
