 The singular values asked for are: 
   663181.73419932893     
   85706.241382081833     
   62123.692470166978     
   34664.638984802237     
   31861.711502662718     
   21870.626005757524     
   19628.557567170035     
   18434.073256164516     
   13694.468014359958     
   12815.397406697795     
   7529.2023524869301     
   5514.5205030923053     
   3981.0351962848226     
   2679.3622596661262     
   1518.3908686253235     
   822.37738125377177     
   513.83660164247499     
   179.10688505825689     
   16.726336842799757     
