           1   10.360501918343532     
           2   9.2224833965694959     
           3   8.2990957338736617     
           4   7.4691735004617472     
           5   6.7222560097485129     
           6   6.0500304072106950     
           7   5.4450273664722584     
           8   4.9005246298248393     
           9   4.4104721668423545     
          10   3.9694249501581189     
          11   3.5724824551423069     
          12   3.2152342096280755     
          13   2.8937107886652669     
          14   2.6043397097987411     
          15   2.3439057388188655     
          16   2.1095151649369792     
          17   1.8985636484432824     
          18   1.7087072835989539     
          19   1.5378365552390574     
          20   1.3840528997151516     
          21   1.2456476097436362     
          22   1.1210828487692723     
          23   1.0089745638923460     
          24  0.90807710750311021     
          25  0.81726939675279942     
          26  0.73554245707751942     
          27  0.66198821136976860     
          28  0.59578939023278954     
          29  0.53621045120951027     
          30  0.48258940608855916     
          31  0.43433046547970411     
          32  0.39089741893173319     
          33  0.35180767703855953     
          34  0.31662690933470355     
          35  0.28496421840123370     
          36  0.25646779656111024     
          37  0.23082101690500018     
          38  0.20773891521449886     
          39  0.18696502369304899     
          40  0.16826852132374512     
          41  0.15144166919137045     
          42  0.13629750227223350     
          43  0.12266775204500995     
          44  0.11040097684050937     
          45   9.9360879156459928E-002
          46   8.9424791240813623E-002
          47   8.0482312116733207E-002
          48   7.2434080905058054E-002
          49   6.5190672814552875E-002
          50   5.8671605533097665E-002
          51   5.2804444979790338E-002
          52   4.7524000481810783E-002
          53   4.2771600433630631E-002
          54   3.8494440390269030E-002
          55   3.4644996351241554E-002
          56   3.1180496716116508E-002
          57   2.8062447044504415E-002
          58   2.5256202340055937E-002
          59   2.2730582106051049E-002
          60   2.0457523895444699E-002
          61   1.8411771505898601E-002
          62   1.6570594355307441E-002
          63   1.4913534919777132E-002
          64   1.3422181427799044E-002
          65   1.2079963285020541E-002
          66   1.0871966956519260E-002
          67   9.7847702608667587E-003
          68   8.8062932347795844E-003
          69   7.9256639113026335E-003
          70   7.1330975201715410E-003
          71   6.4197877681543940E-003
          72   5.7778089913387452E-003
          73   5.2000280922036967E-003
          74   4.6800252829839462E-003
          75   4.2120227546844627E-003
          76   3.7908204792166688E-003
          77   3.4117384312937842E-003
          78   3.0705645881638297E-003
          79   2.7635081293476294E-003
          80   2.4871573164123961E-003
          81   2.2384415847713003E-003
          82   2.0145974262936088E-003
          83   1.8131376836660381E-003
          84   1.6318239152982759E-003
          85   1.4686415237694030E-003
          86   1.3217773713914448E-003
          87   1.1895996342535116E-003
          88   1.0706396708278303E-003
          89   9.6357570374487524E-004
          90   8.6721813337145505E-004
          91   7.8049632003398661E-004
          92   7.0244668803124788E-004
          93   6.3220201922936593E-004
          94   5.6898181730558679E-004
          95   5.1208363557441719E-004
          96   4.6087527201761440E-004
          97   4.1478774481648145E-004
          98   3.7330897033347816E-004
          99   3.3597807330063934E-004
         100   3.0238026597124252E-004
         101   2.7214223937308961E-004
         102   2.4492801543665830E-004
         103   2.2043521389396149E-004
         104   1.9839169250384912E-004
         105   1.7855252325326061E-004
         106   1.6069727092865775E-004
         107   1.4462754383413838E-004
         108   1.3016478945088603E-004
         109   1.1714831050765818E-004
         110   1.0543347945746111E-004
         111   9.4890131512266200E-005
         112   8.5401118359550992E-005
         113   7.6861006524196244E-005
         114   6.9174905871397451E-005
         115   6.2257415284275254E-005
         116   5.6031673755946040E-005
         117   5.0428506382159517E-005
         118   4.5385655742251345E-005
         119   4.0847090168963601E-005
         120   3.6762381152685143E-005
         121   3.3086143037286728E-005
         122   2.9777528733059518E-005
         123   2.6799775859757075E-005
         124   2.4119798273935846E-005
         125   2.1707818447370817E-005
         126   1.9537036602317764E-005
         127   1.7583332942840812E-005
         128   1.5824999648282886E-005
         129   1.4242499686063150E-005
         130   1.2818249717604291E-005
         131   1.1536424745798220E-005
         132   1.0382782270979659E-005
         133   9.3445040438992470E-006
         134   8.4100536384069222E-006
         135   7.5690482748190100E-006
         136   6.8121434468736787E-006
         137   6.1309291033308429E-006
         138   5.5178361924992191E-006
         139   4.9660525729649205E-006
         140   4.4694473148609364E-006
         141   4.0225025830623787E-006
         142   3.6202523257110876E-006
         143   3.2582270939896004E-006
         144   2.9324043850681144E-006
         145   2.6391639453676195E-006
         146   2.3752475515751540E-006
         147   2.1377227961859237E-006
         148   1.9239505147276542E-006
         149   1.7315554628932730E-006
         150   1.5583999165477727E-006
         151   1.4025599248719302E-006
         152   1.2623039321600440E-006
         153   1.1360735396110979E-006
         154   1.0224661850531464E-006
         155   9.2021956691998009E-007
         156   8.2819761018585213E-007
         157   7.4537784800869172E-007
         158   6.7084006344655932E-007
         159   6.0375605597492580E-007
         160   5.4338045044062821E-007
         161   4.8904240682547467E-007
         162   4.4013816428920710E-007
         163   3.9612434881874387E-007
         164   3.5651191342428787E-007
         165   3.2086072271380912E-007
         166   2.8877464941726483E-007
         167   2.5989718370315497E-007
         168   2.3390746449726111E-007
         169   2.1051671861980084E-007
         170   1.8946504626630408E-007
         171   1.7051854338806873E-007
         172   1.5346668871924354E-007
         173   1.3812001995615500E-007
         174   1.2430801904187622E-007
         175   1.1187721680767026E-007
         176   1.0068949681912498E-007
         177   9.0620545975126595E-008
         178   8.1558491567198953E-008
         179   7.3402642751029899E-008
         180   6.6062377822911901E-008
         181   5.9456139208553198E-008
         182   5.3510526298817914E-008
         183   4.8159474300886127E-008
         184   4.3343525740309130E-008
         185   3.9009172460600725E-008
         186   3.5108255727122309E-008
         187   3.1597431070737657E-008
         188   2.8437686496135505E-008
         189   2.5593917425221972E-008
         190   2.3034526637646434E-008
         191   2.0731074346030197E-008
         192   1.8657967873395475E-008
         193   1.6792172536030283E-008
         194   1.5112954194068814E-008
         195   1.3601659859509434E-008
         196   1.2241494266771947E-008
         197   1.1017345243840559E-008
         198   9.9156106632831509E-009
         199   8.9240498286698637E-009
         200   8.0316451477346457E-009
         201   7.2284807277538340E-009
         202   6.5056318194000834E-009
         203   5.8550679528475993E-009
         204   5.2695618316429774E-009
         205   4.7426046865104672E-009
         206   4.2683457485825325E-009
         207   3.8415103065493274E-009
         208   3.4573603151006302E-009
         209   3.1116230547990730E-009
         210   2.8004625889957873E-009
         211   2.5204147080914309E-009
         212   2.2683730968490154E-009
         213   2.0415376549279625E-009
         214   1.8373820216716566E-009
         215   1.6536428680683284E-009
         216   1.4882801541148672E-009
         217   1.3394512890830787E-009
         218   1.2055066376498767E-009
         219   1.0849560265451636E-009
         220   9.7646059943192063E-010
         221   8.7881399882145707E-010
         222   7.9093278150268903E-010
         223   7.1183911013880066E-010
         224   6.4065601363988054E-010
         225   5.7658993831413024E-010
         226   5.1893120428624041E-010
         227   4.6703866314367469E-010
         228   4.2033369442646259E-010
         229   3.7830136419345698E-010
         230   3.4046974620218275E-010
         231   3.0642315777579687E-010
         232   2.7578077880087816E-010
         233   2.4820202332978390E-010
         234   2.2338162439421716E-010
         235   2.0104450818031829E-010
         236   1.8093929902348672E-010
         237   1.6284551658283951E-010
         238   1.4656177944477208E-010
         239   1.3190552425275438E-010
         240   1.1871328663485659E-010
         241   1.0684238628841890E-010
         242   9.6157691249063642E-011
